0 9.7356e-10 4.5441e-10 1.247e-09 7.3298e-11 0 0 0 0 0
7.7389e-09 0 2.9928e-10 5.581e-09 1.1879e-09 0 0 0 0 0
5.4201e-08 1.611e-08 0 1.6024e-08 4.7098e-09 0 0 0 0 0
6.9816e-11 2.3611e-11 9.8275e-13 0 1.4862e-09 0 0 0 0 0
2.7011e-10 1.7449e-11 5.1972e-10 7.8075e-10 0 0 0 0 0 0
0 0 0 0 0 0 2.7276e-09 4.5169e-09 1.2395e-09 7.0661e-11
0 0 0 0 0 2.7623e-09 0 1.0618e-09 1.9801e-09 4.0874e-10
0 0 0 0 0 5.4527e-09 4.5405e-09 0 1.6024e-09 4.5678e-10
0 0 0 0 0 7.0237e-11 6.6547e-11 9.8275e-12 0 1.4413e-09
0 0 0 0 0 2.802e-10 5.0711e-11 5.3589e-09 8.0504e-10 0
